SampleID,HealthState_0,HealthState_1,HealthState_2,HealthState_3,HealthState_4,HealthState_5,HealthState_6,HealthState_7,HealthState_8,HealthState_9,HealthState_10,Confidence
1,4.0163e-15,1.5948e-11,6.3327e-08,0.00025146,0.99853,0.0012186,3.0688e-07,7.7282e-11,1.9462e-14,4.9013e-18,1.2343e-21,1
2,7.5187e-14,2.9856e-10,1.1855e-06,0.0047076,0.99504,0.00025059,6.3106e-08,1.5892e-11,4.0022e-15,1.0079e-18,2.5383e-22,1
3,2.2352e-14,8.8757e-11,3.5244e-07,0.0013995,0.99835,0.00025142,6.3316e-08,1.5945e-11,4.0155e-15,1.0113e-18,2.5467e-22,1
4,1.6334e-15,6.486e-12,2.5755e-08,0.00010227,0.4061,0.59365,0.0001495,3.765e-08,9.4815e-12,2.3878e-15,6.0133e-19,1
5,7.561e-14,3.0024e-10,1.1922e-06,0.004734,0.99501,0.00025058,6.3105e-08,1.5892e-11,4.0021e-15,1.0079e-18,2.5382e-22,1
6,3.5917e-08,0.00014262,0.56633,0.43342,0.00010915,2.7488e-08,6.9224e-12,1.7433e-15,4.3902e-19,1.1056e-22,2.7843e-26,1
7,1.5256e-11,6.0578e-08,0.00024055,0.95517,0.044577,1.1226e-05,2.8271e-09,7.1196e-13,1.793e-16,4.5153e-20,1.1371e-23,1
8,2.0799e-14,8.2591e-11,3.2796e-07,0.0013023,0.99845,0.00025144,6.3322e-08,1.5947e-11,4.0159e-15,1.0114e-18,2.5469e-22,1
9,2.2488e-15,8.9297e-12,3.5459e-08,0.0001408,0.5591,0.44065,0.00011097,2.7946e-08,7.0378e-12,1.7724e-15,4.4634e-19,1
10,1.1607e-07,0.00046091,0.99929,0.00025166,6.3376e-08,1.596e-11,4.0193e-15,1.0122e-18,2.5491e-22,6.4195e-26,1.6166e-29,1
11,1.2202e-11,4.8452e-08,0.00019239,0.76397,0.23578,5.9377e-05,1.4953e-08,3.7657e-12,9.4834e-16,2.3883e-19,6.0145e-23,1
12,4.5255e-13,1.797e-09,7.1357e-06,0.028335,0.97141,0.00024464,6.1608e-08,1.5515e-11,3.9072e-15,9.8397e-19,2.478e-22,1
13,1.5914e-11,6.3191e-08,0.00025092,0.99637,0.0033743,8.4976e-07,2.14e-10,5.3892e-14,1.3572e-17,3.4179e-21,8.6074e-25,1
14,6.3577e-08,0.00025245,0.9995,0.00025171,6.3389e-08,1.5963e-11,4.0202e-15,1.0124e-18,2.5496e-22,6.4208e-26,1.617e-29,1
15,6.2472e-08,0.00024807,0.98503,0.014715,3.7057e-06,9.3322e-10,2.3502e-13,5.9185e-17,1.4905e-20,3.7536e-24,9.4528e-28,1
16,3.8166e-15,1.5155e-11,6.0179e-08,0.00023896,0.94889,0.050862,1.2809e-05,3.2257e-09,8.1234e-13,2.0457e-16,5.1519e-20,1
17,1.6291e-13,6.4689e-10,2.5687e-06,0.0102,0.98955,0.0002492,6.2758e-08,1.5805e-11,3.9802e-15,1.0023e-18,2.5242e-22,1
18,8.9076e-09,3.5371e-05,0.14045,0.8593,0.0002164,5.4497e-08,1.3724e-11,3.4563e-15,8.704e-19,2.192e-22,5.5202e-26,1
19,1.4673e-15,5.8266e-12,2.3137e-08,9.1873e-05,0.36481,0.63494,0.0001599,4.0268e-08,1.0141e-11,2.5538e-15,6.4314e-19,1
20,6.9875e-12,2.7746e-08,0.00011018,0.4375,0.56225,0.00014159,3.5658e-08,8.98e-12,2.2615e-15,5.6952e-19,1.4342e-22,1
21,1.3552e-12,5.3812e-09,2.1368e-05,0.084849,0.9149,0.0002304,5.8024e-08,1.4612e-11,3.6799e-15,9.2673e-19,2.3338e-22,1
22,1.5858e-11,6.2969e-08,0.00025004,0.99288,0.0068669,1.7293e-06,4.355e-10,1.0967e-13,2.762e-17,6.9557e-21,1.7517e-24,1
23,1.2018e-13,4.7721e-10,1.8949e-06,0.0075245,0.99222,0.00024988,6.2928e-08,1.5847e-11,3.9909e-15,1.0051e-18,2.5311e-22,1
24,5.2913e-15,2.1011e-11,8.3432e-08,0.0003313,0.99942,0.00025169,6.3384e-08,1.5962e-11,4.0198e-15,1.0123e-18,2.5494e-22,1
25,9.1591e-11,3.6369e-07,0.0014442,0.9983,0.00025141,6.3313e-08,1.5944e-11,4.0154e-15,1.0112e-18,2.5466e-22,6.4132e-26,1
26,7.9825e-13,3.1697e-09,1.2587e-05,0.04998,0.94977,0.00023918,6.0235e-08,1.5169e-11,3.8201e-15,9.6205e-19,2.4228e-22,1
27,4.7526e-11,1.8872e-07,0.00074937,0.999,0.00025158,6.3357e-08,1.5956e-11,4.0182e-15,1.0119e-18,2.5483e-22,6.4176e-26,1
28,8.8878e-12,3.5292e-08,0.00014014,0.55648,0.44327,0.00011163,2.8112e-08,7.0797e-12,1.7829e-15,4.49e-19,1.1307e-22,1
29,4.2067e-12,1.6704e-08,6.6331e-05,0.26339,0.73636,0.00018544,4.67e-08,1.1761e-11,2.9618e-15,7.4588e-19,1.8784e-22,1
30,1.4253e-14,5.6596e-11,2.2473e-07,0.00089238,0.99886,0.00025155,6.3348e-08,1.5953e-11,4.0176e-15,1.0118e-18,2.548e-22,1
31,3.7483e-12,1.4884e-08,5.9102e-05,0.23469,0.76506,0.00019267,4.8521e-08,1.2219e-11,3.0772e-15,7.7495e-19,1.9516e-22,1
32,3.9041e-15,1.5503e-11,6.1559e-08,0.00024444,0.97065,0.029097,7.3277e-06,1.8454e-09,4.6473e-13,1.1703e-16,2.9473e-20,1
33,4.1154e-12,1.6342e-08,6.489e-05,0.25767,0.74208,0.00018688,4.7063e-08,1.1852e-11,2.9848e-15,7.5167e-19,1.893e-22,1
34,8.1572e-13,3.2391e-09,1.2862e-05,0.051073,0.94868,0.00023891,6.0166e-08,1.5152e-11,3.8158e-15,9.6094e-19,2.42e-22,1
35,6.1002e-16,2.4223e-12,9.6186e-09,3.8194e-05,0.15166,0.84809,0.00021358,5.3786e-08,1.3545e-11,3.4112e-15,8.5905e-19,1
36,4.7536e-14,1.8876e-10,7.4954e-07,0.0029763,0.99677,0.00025102,6.3216e-08,1.592e-11,4.0092e-15,1.0097e-18,2.5427e-22,1
37,8.2041e-12,3.2577e-08,0.00012936,0.51367,0.48608,0.00012241,3.0827e-08,7.7634e-12,1.9551e-15,4.9236e-19,1.2399e-22,1
38,2.665e-15,1.0582e-11,4.2021e-08,0.00016686,0.66258,0.33717,8.491e-05,2.1383e-08,5.3851e-12,1.3561e-15,3.4152e-19,1
39,1.582e-11,6.282e-08,0.00024945,0.99053,0.0092202,2.322e-06,5.8475e-10,1.4726e-13,3.7085e-17,9.3394e-21,2.352e-24,1
40,2.3722e-16,9.4198e-13,3.7405e-09,1.4853e-05,0.058979,0.94077,0.00023692,5.9664e-08,1.5026e-11,3.784e-15,9.5293e-19,1
41,7.4348e-12,2.9523e-08,0.00011723,0.46551,0.53424,0.00013454,3.3882e-08,8.5327e-12,2.1488e-15,5.4115e-19,1.3628e-22,1
42,3.904e-15,1.5502e-11,6.1557e-08,0.00024443,0.97061,0.029133,7.3368e-06,1.8477e-09,4.6531e-13,1.1718e-16,2.951e-20,1
43,3.9937e-15,1.5858e-11,6.2971e-08,0.00025005,0.99291,0.0068431,1.7233e-06,4.3399e-10,1.0929e-13,2.7524e-17,6.9315e-21,1
44,4.0019e-15,1.5891e-11,6.3101e-08,0.00025056,0.99495,0.0047932,1.2071e-06,3.0399e-10,7.6555e-14,1.9279e-17,4.8552e-21,1
45,1.0238e-12,4.0655e-09,1.6144e-05,0.064104,0.93564,0.00023563,5.9339e-08,1.4944e-11,3.7633e-15,9.4774e-19,2.3867e-22,1
46,3.3515e-15,1.3308e-11,5.2845e-08,0.00020984,0.83325,0.1665,4.1929e-05,1.0559e-08,2.6592e-12,6.6968e-16,1.6865e-19,1
47,2.7716e-15,1.1006e-11,4.3701e-08,0.00017353,0.68907,0.31068,7.8239e-05,1.9703e-08,4.962e-12,1.2496e-15,3.1469e-19,1
48,3.1483e-13,1.2501e-09,4.9641e-06,0.019712,0.98004,0.00024681,6.2155e-08,1.5653e-11,3.9419e-15,9.9271e-19,2.5e-22,1
49,4.0182e-15,1.5956e-11,6.3357e-08,0.00025158,0.999,0.00074545,1.8773e-07,4.7277e-11,1.1906e-14,2.9983e-18,7.5509e-22,1
50,1.153e-11,4.5783e-08,0.0001818,0.7219,0.27785,6.9973e-05,1.7622e-08,4.4377e-12,1.1176e-15,2.8144e-19,7.0877e-23,1
51,5.4178e-12,2.1513e-08,8.5426e-05,0.33921,0.66053,0.00016635,4.1892e-08,1.055e-11,2.6568e-15,6.6907e-19,1.685e-22,1
52,1.2194e-11,4.8423e-08,0.00019228,0.76351,0.23624,5.9492e-05,1.4982e-08,3.773e-12,9.5018e-16,2.3929e-19,6.0261e-23,1
53,3.6068e-12,1.4322e-08,5.6871e-05,0.22583,0.77392,0.0001949,4.9083e-08,1.2361e-11,3.1129e-15,7.8393e-19,1.9742e-22,1
54,1.607e-14,6.3812e-11,2.5339e-07,0.0010062,0.99874,0.00025152,6.3341e-08,1.5951e-11,4.0171e-15,1.0117e-18,2.5477e-22,1
55,1.3819e-13,5.4872e-10,2.1789e-06,0.008652,0.9911,0.00024959,6.2856e-08,1.5829e-11,3.9864e-15,1.0039e-18,2.5282e-22,1
56,1.2588e-14,4.9985e-11,1.9848e-07,0.00078815,0.99896,0.00025157,6.3355e-08,1.5955e-11,4.018e-15,1.0119e-18,2.5483e-22,1
57,1.5613e-11,6.1998e-08,0.00024619,0.97757,0.022181,5.5859e-06,1.4067e-09,3.5426e-13,8.9215e-17,2.2468e-20,5.6581e-24,1
58,6.505e-11,2.583e-07,0.0010257,0.99872,0.00025151,6.334e-08,1.5951e-11,4.0171e-15,1.0116e-18,2.5476e-22,6.4159e-26,1
59,1.5949e-11,6.3333e-08,0.00025149,0.99861,0.0011334,2.8542e-07,7.1879e-11,1.8102e-14,4.5586e-18,1.148e-21,2.8911e-25,1
60,1.3414e-11,5.3266e-08,0.00021151,0.83989,0.15986,4.0258e-05,1.0138e-08,2.5532e-12,6.4299e-16,1.6193e-19,4.0779e-23,1
61,2.0273e-08,8.05e-05,0.31965,0.68009,0.00017127,4.3132e-08,1.0862e-11,2.7355e-15,6.8889e-19,1.7349e-22,4.369e-26,1
62,4.0174e-15,1.5952e-11,6.3345e-08,0.00025153,0.99881,0.00094192,2.3721e-07,5.9737e-11,1.5044e-14,3.7886e-18,9.5409e-22,1
63,2.3516e-15,9.3379e-12,3.7079e-08,0.00014724,0.58466,0.41509,0.00010453,2.6325e-08,6.6297e-12,1.6696e-15,4.2046e-19,1
64,4.0956e-12,1.6263e-08,6.4578e-05,0.25643,0.74332,0.00018719,4.7142e-08,1.1872e-11,2.9898e-15,7.5293e-19,1.8961e-22,1
65,5.0771e-12,2.016e-08,8.0054e-05,0.31788,0.68186,0.00017172,4.3244e-08,1.089e-11,2.7426e-15,6.9068e-19,1.7394e-22,1
66,1.3737e-09,5.4547e-06,0.02166,0.97809,0.00024632,6.2031e-08,1.5622e-11,3.9341e-15,9.9073e-19,2.495e-22,6.2833e-26,1
67,2.2775e-17,9.0437e-14,3.5911e-10,1.426e-06,0.0056624,0.99409,0.00025035,6.3046e-08,1.5877e-11,3.9984e-15,1.0069e-18,1
68,1.0989e-08,4.3636e-05,0.17327,0.82648,0.00020814,5.2416e-08,1.32e-11,3.3242e-15,8.3716e-19,2.1083e-22,5.3093e-26,1
69,1.8116e-10,7.1935e-07,0.0028564,0.99689,0.00025105,6.3224e-08,1.5922e-11,4.0097e-15,1.0098e-18,2.543e-22,6.4041e-26,1
70,4.5879e-08,0.00018218,0.72341,0.27634,6.9591e-05,1.7526e-08,4.4135e-12,1.1115e-15,2.7991e-19,7.0491e-23,1.7752e-26,1
71,1.4443e-11,5.7353e-08,0.00022774,0.90432,0.095427,2.4032e-05,6.0521e-09,1.5241e-12,3.8383e-16,9.6661e-20,2.4343e-23,1
72,3.7777e-15,1.5001e-11,5.9566e-08,0.00023653,0.93922,0.060528,1.5243e-05,3.8387e-09,9.6672e-13,2.4345e-16,6.131e-20,1
73,1.0088e-13,4.0059e-10,1.5907e-06,0.0063164,0.99343,0.00025018,6.3004e-08,1.5867e-11,3.9958e-15,1.0063e-18,2.5341e-22,1
74,2.2116e-11,8.7819e-08,0.00034872,0.9994,0.00025168,6.3383e-08,1.5962e-11,4.0198e-15,1.0123e-18,2.5494e-22,6.4202e-26,1
75,6.0876e-08,0.00024173,0.95988,0.039866,1.004e-05,2.5283e-09,6.3673e-13,1.6035e-16,4.0382e-20,1.017e-23,2.561e-27,1
76,1.3695e-11,5.4382e-08,0.00021594,0.85748,0.14227,3.5828e-05,9.0226e-09,2.2722e-12,5.7222e-16,1.4411e-19,3.6291e-23,1
77,1.2463e-11,4.949e-08,0.00019652,0.78034,0.21941,5.5255e-05,1.3915e-08,3.5043e-12,8.825e-16,2.2225e-19,5.5969e-23,1
78,6.4144e-12,2.5471e-08,0.00010114,0.40161,0.59814,0.00015063,3.7934e-08,9.5532e-12,2.4058e-15,6.0587e-19,1.5258e-22,1
79,1.9075e-16,7.5746e-13,3.0077e-09,1.1943e-05,0.047425,0.95232,0.00023983,6.0397e-08,1.521e-11,3.8304e-15,9.6463e-19,1
80,6.32e-08,0.00025096,0.99652,0.0032253,8.1225e-07,2.0455e-10,5.1513e-14,1.2973e-17,3.267e-21,8.2275e-25,2.072e-28,1
81,1.5955e-11,6.3355e-08,0.00025157,0.99896,0.00078646,1.9806e-07,4.9878e-11,1.2561e-14,3.1633e-18,7.9663e-22,2.0062e-25,1
82,7.4449e-17,2.9563e-13,1.1739e-09,4.6614e-06,0.01851,0.98124,0.00024711,6.2231e-08,1.5672e-11,3.9467e-15,9.9392e-19,1
83,6.5892e-15,2.6165e-11,1.039e-07,0.00041256,0.99934,0.00025167,6.3379e-08,1.5961e-11,4.0195e-15,1.0123e-18,2.5492e-22,1
84,4.0198e-15,1.5962e-11,6.3384e-08,0.00025169,0.99941,0.00033506,8.4379e-08,2.125e-11,5.3514e-15,1.3477e-18,3.3939e-22,1
85,1.0118e-18,4.0178e-15,1.5954e-11,6.3351e-08,0.00025156,0.9989,0.00085196,2.1455e-07,5.4032e-11,1.3607e-14,3.4267e-18,1
86,1.3672e-16,5.4288e-13,2.1557e-09,8.56e-06,0.033991,0.96576,0.00024321,6.1249e-08,1.5425e-11,3.8845e-15,9.7824e-19,1
87,1.5937e-11,6.3284e-08,0.00025129,0.99785,0.0018972,4.7777e-07,1.2032e-10,3.0301e-14,7.6307e-18,1.9217e-21,4.8395e-25,1
88,1.5118e-11,6.0031e-08,0.00023837,0.94655,0.053202,1.3398e-05,3.3741e-09,8.4972e-13,2.1399e-16,5.389e-20,1.3571e-23,1
89,5.4904e-12,2.1802e-08,8.6572e-05,0.34376,0.65598,0.0001652,4.1603e-08,1.0477e-11,2.6385e-15,6.6446e-19,1.6734e-22,1
90,4.0125e-15,1.5933e-11,6.3268e-08,0.00025123,0.99759,0.0021597,5.4388e-07,1.3697e-10,3.4493e-14,8.6865e-18,2.1876e-21,1
91,2.9809e-14,1.1837e-10,4.7001e-07,0.0018664,0.99788,0.0002513,6.3286e-08,1.5938e-11,4.0137e-15,1.0108e-18,2.5455e-22,1
92,5.5809e-15,2.2161e-11,8.7998e-08,0.00034943,0.9994,0.00025168,6.3383e-08,1.5962e-11,4.0198e-15,1.0123e-18,2.5494e-22,1
93,1.0118e-18,4.0175e-15,1.5953e-11,6.3348e-08,0.00025154,0.99885,0.00090264,2.2732e-07,5.7246e-11,1.4417e-14,3.6306e-18,1
94,1.1386e-08,4.5212e-05,0.17953,0.82022,0.00020656,5.2019e-08,1.31e-11,3.2991e-15,8.3082e-19,2.0923e-22,5.2691e-26,1
95,5.9011e-13,2.3432e-09,9.3047e-06,0.036948,0.9628,0.00024247,6.1062e-08,1.5377e-11,3.8726e-15,9.7525e-19,2.456e-22,1
96,4.0182e-15,1.5956e-11,6.3357e-08,0.00025158,0.999,0.00074992,1.8886e-07,4.756e-11,1.1977e-14,3.0163e-18,7.5961e-22,1
97,9.8374e-19,3.9063e-15,1.5511e-11,6.1593e-08,0.00024458,0.97118,0.028564,7.1933e-06,1.8115e-09,4.562e-13,1.1489e-16,1
98,6.0029e-15,2.3837e-11,9.4653e-08,0.00037585,0.99937,0.00025168,6.3381e-08,1.5962e-11,4.0197e-15,1.0123e-18,2.5493e-22,1
99,6.795e-12,2.6982e-08,0.00010714,0.42544,0.57431,0.00014463,3.6423e-08,9.1726e-12,2.31e-15,5.8173e-19,1.465e-22,1
100,1.4483e-11,5.7511e-08,0.00022837,0.90682,0.092932,2.3404e-05,5.8938e-09,1.4843e-12,3.7379e-16,9.4134e-20,2.3706e-23,1
101,5.6305e-12,2.2358e-08,8.8779e-05,0.35253,0.64722,0.00016299,4.1047e-08,1.0337e-11,2.6032e-15,6.5558e-19,1.651e-22,1
102,2.9186e-10,1.1589e-06,0.004602,0.99515,0.00025061,6.3113e-08,1.5894e-11,4.0027e-15,1.008e-18,2.5385e-22,6.3929e-26,1
103,1.5939e-11,6.329e-08,0.00025132,0.99794,0.001807,4.5506e-07,1.146e-10,2.886e-14,7.268e-18,1.8303e-21,4.6094e-25,1
104,3.843e-15,1.526e-11,6.0595e-08,0.00024061,0.95544,0.044304,1.1157e-05,2.8098e-09,7.076e-13,1.782e-16,4.4876e-20,1
105,6.8709e-13,2.7283e-09,1.0834e-05,0.04302,0.95673,0.00024094,6.0676e-08,1.528e-11,3.8481e-15,9.691e-19,2.4405e-22,1
106,1.0949e-12,4.3478e-09,1.7264e-05,0.068555,0.93119,0.00023451,5.9057e-08,1.4873e-11,3.7454e-15,9.4323e-19,2.3754e-22,1
107,2.4735e-06,0.0098219,0.98993,0.0002493,6.2782e-08,1.5811e-11,3.9817e-15,1.0027e-18,2.5252e-22,6.3593e-26,1.6015e-29,1
108,3.3949e-09,1.3481e-05,0.05353,0.94622,0.00023829,6.001e-08,1.5113e-11,3.8059e-15,9.5845e-19,2.4137e-22,6.0786e-26,1
109,3.072e-12,1.2198e-08,4.8438e-05,0.19234,0.80741,0.00020333,5.1206e-08,1.2896e-11,3.2475e-15,8.1784e-19,2.0596e-22,1
110,4.02e-15,1.5963e-11,6.3386e-08,0.0002517,0.99945,0.00029896,7.5288e-08,1.896e-11,4.7748e-15,1.2025e-18,3.0282e-22,1
111,1.197e-09,4.7531e-06,0.018874,0.98087,0.00024702,6.2208e-08,1.5666e-11,3.9453e-15,9.9355e-19,2.5021e-22,6.3012e-26,1
112,2.6342e-09,1.046e-05,0.041535,0.95821,0.00024131,6.0771e-08,1.5304e-11,3.8541e-15,9.706e-19,2.4443e-22,6.1556e-26,1
113,1.395e-11,5.5395e-08,0.00021997,0.87346,0.12629,3.1805e-05,8.0095e-09,2.0171e-12,5.0797e-16,1.2792e-19,3.2216e-23,1
114,4.4513e-12,1.7676e-08,7.0187e-05,0.2787,0.72104,0.00018158,4.5729e-08,1.1516e-11,2.9002e-15,7.3037e-19,1.8393e-22,1
115,2.594e-08,0.000103,0.40901,0.59074,0.00014877,3.7465e-08,9.435e-12,2.3761e-15,5.9837e-19,1.5069e-22,3.7949e-26,1
116,1.5893e-11,6.3111e-08,0.0002506,0.99511,0.0046394,1.1683e-06,2.9423e-10,7.4098e-14,1.866e-17,4.6993e-21,1.1835e-24,1
117,1.126e-12,4.4712e-09,1.7754e-05,0.0705,0.92925,0.00023402,5.8934e-08,1.4842e-11,3.7376e-15,9.4126e-19,2.3704e-22,1
118,1.4455e-11,5.7399e-08,0.00022792,0.90505,0.094694,2.3847e-05,6.0056e-09,1.5124e-12,3.8088e-16,9.5919e-20,2.4156e-23,1
119,2.74e-18,1.088e-14,4.3204e-11,1.7156e-07,0.00068123,0.99907,0.0002516,6.3362e-08,1.5957e-11,4.0184e-15,1.012e-18,1
120,8.8848e-13,3.528e-09,1.4009e-05,0.055629,0.94412,0.00023776,5.9877e-08,1.5079e-11,3.7974e-15,9.5632e-19,2.4084e-22,1
121,9.4358e-19,3.7468e-15,1.4878e-11,5.9079e-08,0.00023459,0.93154,0.068213,1.7178e-05,4.3261e-09,1.0895e-12,2.7437e-16,1
122,3.9707e-15,1.5767e-11,6.2609e-08,0.00024861,0.98719,0.012555,3.1617e-06,7.9622e-10,2.0052e-13,5.0497e-17,1.2717e-20,1
123,7.9398e-16,3.1528e-12,1.2519e-08,4.9712e-05,0.1974,0.80235,0.00020206,5.0885e-08,1.2815e-11,3.2272e-15,8.1272e-19,1
124,1.5455e-11,6.1369e-08,0.00024369,0.96765,0.032103,8.0847e-06,2.036e-09,5.1274e-13,1.2912e-16,3.2518e-20,8.1892e-24,1
125,5.4677e-13,2.1712e-09,8.6214e-06,0.034234,0.96551,0.00024315,6.1234e-08,1.5421e-11,3.8835e-15,9.78e-19,2.4629e-22,1
126,1.2253e-13,4.8653e-10,1.9319e-06,0.0076715,0.99208,0.00024984,6.2918e-08,1.5845e-11,3.9903e-15,1.0049e-18,2.5307e-22,1
127,1.5956e-11,6.3358e-08,0.00025158,0.999,0.00074529,1.8769e-07,4.7267e-11,1.1903e-14,2.9977e-18,7.5493e-22,1.9012e-25,1
128,3.9117e-15,1.5533e-11,6.1679e-08,0.00024492,0.97253,0.027219,6.8548e-06,1.7263e-09,4.3473e-13,1.0948e-16,2.7571e-20,1
129,3.7944e-15,1.5067e-11,5.9829e-08,0.00023757,0.94336,0.056389,1.4201e-05,3.5762e-09,9.0062e-13,2.2681e-16,5.7118e-20,1
130,1.5596e-11,6.1928e-08,0.00024591,0.97646,0.023284,5.8637e-06,1.4767e-09,3.7188e-13,9.3653e-17,2.3585e-20,5.9396e-24,1
131,0.00022567,0.89611,0.10363,2.6099e-05,6.5726e-09,1.6552e-12,4.1684e-16,1.0497e-19,2.6436e-23,6.6575e-27,1.6766e-30,1
132,2.4921e-14,9.8958e-11,3.9295e-07,0.0015603,0.99819,0.00025138,6.3306e-08,1.5943e-11,4.0149e-15,1.0111e-18,2.5463e-22,1
133,3.8655e-15,1.5349e-11,6.095e-08,0.00024202,0.96104,0.038704,9.747e-06,2.4546e-09,6.1816e-13,1.5567e-16,3.9204e-20,1
134,3.463e-14,1.3751e-10,5.4604e-07,0.0021683,0.99758,0.00025123,6.3267e-08,1.5933e-11,4.0125e-15,1.0105e-18,2.5447e-22,1
135,2.7028e-13,1.0733e-09,4.2618e-06,0.016923,0.98283,0.00024751,6.2332e-08,1.5697e-11,3.9531e-15,9.9553e-19,2.5071e-22,1
136,1.6373e-14,6.5015e-11,2.5817e-07,0.0010251,0.99872,0.00025151,6.334e-08,1.5951e-11,4.0171e-15,1.0116e-18,2.5476e-22,1
137,1.4924e-11,5.9263e-08,0.00023532,0.93444,0.06531,1.6447e-05,4.142e-09,1.0431e-12,2.6269e-16,6.6155e-20,1.666e-23,1
138,1.4712e-11,5.8419e-08,0.00023197,0.92113,0.078616,1.9798e-05,4.9859e-09,1.2556e-12,3.1621e-16,7.9632e-20,2.0054e-23,1
139,1.5937e-11,6.3284e-08,0.00025129,0.99784,0.0019101,4.8103e-07,1.2114e-10,3.0507e-14,7.6827e-18,1.9348e-21,4.8724e-25,1
140,1.5941e-11,6.3298e-08,0.00025135,0.99806,0.0016864,4.247e-07,1.0695e-10,2.6934e-14,6.783e-18,1.7082e-21,4.3019e-25,1
141,1.753e-11,6.9611e-08,0.00027641,0.99947,0.0002517,6.3387e-08,1.5963e-11,4.0201e-15,1.0124e-18,2.5496e-22,6.4207e-26,1
142,4.0197e-15,1.5962e-11,6.3381e-08,0.00025168,0.99937,0.00037468,9.4357e-08,2.3762e-11,5.9842e-15,1.507e-18,3.7952e-22,1
143,4.7929e-12,1.9032e-08,7.5573e-05,0.30009,0.69966,0.0001762,4.4373e-08,1.1175e-11,2.8142e-15,7.087e-19,1.7848e-22,1
144,3.4813e-09,1.3824e-05,0.054892,0.94486,0.00023795,5.9923e-08,1.5091e-11,3.8004e-15,9.5707e-19,2.4102e-22,6.0698e-26,1
145,1.1899e-12,4.7251e-09,1.8763e-05,0.074504,0.92524,0.00023301,5.868e-08,1.4778e-11,3.7215e-15,9.372e-19,2.3602e-22,1
146,3.2406e-15,1.2868e-11,5.1096e-08,0.0002029,0.80567,0.19407,4.8875e-05,1.2308e-08,3.0997e-12,7.806e-16,1.9658e-19,1
147,5.524e-20,2.1935e-16,8.7101e-13,3.4586e-09,1.3734e-05,0.054535,0.94521,0.00023804,5.9946e-08,1.5097e-11,3.8018e-15,1
148,1.5963e-11,6.3386e-08,0.0002517,0.99945,0.0002971,7.482e-08,1.8842e-11,4.7452e-15,1.195e-18,3.0094e-22,7.5787e-26,1
149,3.6478e-15,1.4485e-11,5.7518e-08,0.00022839,0.90692,0.092825,2.3377e-05,5.8871e-09,1.4826e-12,3.7336e-16,9.4025e-20,1
150,6.3317e-08,0.00025142,0.99836,0.0013899,3.5002e-07,8.8147e-11,2.2198e-14,5.5903e-18,1.4078e-21,3.5454e-25,8.9286e-29,1
151,4.0199e-15,1.5963e-11,6.3385e-08,0.00025169,0.99943,0.00031335,7.8913e-08,1.9873e-11,5.0047e-15,1.2604e-18,3.174e-22,1
152,3.2612e-17,1.295e-13,5.1422e-10,2.0419e-06,0.008108,0.99164,0.00024973,6.2891e-08,1.5838e-11,3.9886e-15,1.0045e-18,1
153,1.5963e-11,6.3387e-08,0.0002517,0.99948,0.00027315,6.8788e-08,1.7323e-11,4.3626e-15,1.0987e-18,2.7668e-22,6.9678e-26,1
154,3.0306e-14,1.2034e-10,4.7786e-07,0.0018975,0.99785,0.00025129,6.3284e-08,1.5937e-11,4.0135e-15,1.0108e-18,2.5454e-22,1
155,1.4531e-19,5.7699e-16,2.2912e-12,9.0979e-09,3.6126e-05,0.14345,0.8563,0.00021565,5.4307e-08,1.3676e-11,3.4442e-15,1
156,2.0302e-14,8.0616e-11,3.2012e-07,0.0012711,0.99848,0.00025145,6.3324e-08,1.5947e-11,4.0161e-15,1.0114e-18,2.547e-22,1
157,8.571e-12,3.4034e-08,0.00013514,0.53664,0.46311,0.00011663,2.9371e-08,7.3965e-12,1.8627e-15,4.6909e-19,1.1813e-22,1
158,2.1165e-13,8.4043e-10,3.3372e-06,0.013252,0.9865,0.00024843,6.2564e-08,1.5756e-11,3.9679e-15,9.9925e-19,2.5165e-22,1
159,1.0121e-18,4.019e-15,1.5959e-11,6.337e-08,0.00025163,0.99921,0.00054191,1.3647e-07,3.4368e-11,8.6551e-15,2.1796e-18,1
160,4.5216e-10,1.7955e-06,0.0071296,0.99262,0.00024998,6.2953e-08,1.5854e-11,3.9925e-15,1.0055e-18,2.5321e-22,6.3766e-26,1
161,1.4556e-11,5.7801e-08,0.00022952,0.91139,0.088359,2.2252e-05,5.6038e-09,1.4112e-12,3.554e-16,8.9501e-20,2.254e-23,1
162,2.3616e-11,9.3777e-08,0.00037237,0.99938,0.00025168,6.3381e-08,1.5962e-11,4.0197e-15,1.0123e-18,2.5493e-22,6.4201e-26,1
163,3.3192e-13,1.318e-09,5.2336e-06,0.020782,0.97897,0.00024654,6.2087e-08,1.5636e-11,3.9376e-15,9.9162e-19,2.4972e-22,1
164,1.5963e-11,6.3388e-08,0.0002517,0.99948,0.00026982,6.7951e-08,1.7112e-11,4.3095e-15,1.0853e-18,2.7331e-22,6.8829e-26,1
165,4.0128e-15,1.5934e-11,6.3273e-08,0.00025125,0.99767,0.0020798,5.2376e-07,1.319e-10,3.3217e-14,8.3653e-18,2.1067e-21,1
166,4.02e-15,1.5963e-11,6.3386e-08,0.00025169,0.99944,0.00030332,7.6387e-08,1.9237e-11,4.8446e-15,1.22e-18,3.0724e-22,1
167,3.9021e-15,1.5495e-11,6.1527e-08,0.00024432,0.97015,0.0296,7.4544e-06,1.8773e-09,4.7277e-13,1.1906e-16,2.9983e-20,1
168,1.0008e-18,3.9741e-15,1.578e-11,6.2662e-08,0.00024882,0.98803,0.011714,2.9499e-06,7.4289e-10,1.8709e-13,4.7115e-17,1
169,4.9999e-15,1.9854e-11,7.8837e-08,0.00031305,0.99944,0.00025169,6.3385e-08,1.5963e-11,4.0199e-15,1.0124e-18,2.5495e-22,1
170,1.591e-11,6.3175e-08,0.00025086,0.99613,0.0036226,9.1229e-07,2.2975e-10,5.7858e-14,1.4571e-17,3.6694e-21,9.2408e-25,1
171,3.9256e-15,1.5588e-11,6.1898e-08,0.00024579,0.97598,0.023765,5.985e-06,1.5072e-09,3.7957e-13,9.5589e-17,2.4073e-20,1
172,3.9906e-15,1.5846e-11,6.2923e-08,0.00024986,0.99215,0.0076031,1.9147e-06,4.822e-10,1.2143e-13,3.0581e-17,7.7014e-21,1
173,1.0373e-09,4.1188e-06,0.016355,0.98339,0.00024765,6.2368e-08,1.5706e-11,3.9554e-15,9.9611e-19,2.5085e-22,6.3174e-26,1
174,2.8784e-12,1.143e-08,4.5386e-05,0.18022,0.81953,0.00020639,5.1975e-08,1.3089e-11,3.2963e-15,8.3012e-19,2.0905e-22,1
175,2.5722e-15,1.0214e-11,4.0557e-08,0.00016105,0.6395,0.36025,9.0724e-05,2.2847e-08,5.7538e-12,1.449e-15,3.6491e-19,1
176,3.2777e-13,1.3015e-09,5.1682e-06,0.020522,0.97923,0.0002466,6.2103e-08,1.564e-11,3.9386e-15,9.9188e-19,2.4979e-22,1
177,6.9256e-12,2.7501e-08,0.0001092,0.43362,0.56613,0.00014257,3.5904e-08,9.0419e-12,2.2771e-15,5.7344e-19,1.4441e-22,1
178,4.49e-12,1.7829e-08,7.0796e-05,0.28112,0.71863,0.00018098,4.5576e-08,1.1478e-11,2.8905e-15,7.2792e-19,1.8331e-22,1
179,6.9864e-15,2.7742e-11,1.1016e-07,0.00043743,0.99931,0.00025166,6.3377e-08,1.5961e-11,4.0194e-15,1.0122e-18,2.5491e-22,1
180,8.1437e-13,3.2338e-09,1.2841e-05,0.050989,0.94876,0.00023893,6.0171e-08,1.5153e-11,3.8161e-15,9.6102e-19,2.4202e-22,1
181,1.5725e-11,6.2441e-08,0.00024794,0.98455,0.015197,3.8272e-06,9.6383e-10,2.4272e-13,6.1127e-17,1.5394e-20,3.8767e-24,1
182,1.5952e-11,6.3343e-08,0.00025153,0.99877,0.00097536,2.4563e-07,6.1858e-11,1.5578e-14,3.9231e-18,9.8796e-22,2.488e-25,1
183,6.3381e-08,0.00025168,0.99937,0.00038041,9.5799e-08,2.4126e-11,6.0757e-15,1.5301e-18,3.8532e-22,9.7038e-26,2.4438e-29,1
184,5.8852e-13,2.3369e-09,9.2796e-06,0.036848,0.9629,0.00024249,6.1068e-08,1.5379e-11,3.873e-15,9.7535e-19,2.4563e-22,1
185,5.8451e-08,0.0002321,0.92164,0.078106,1.967e-05,4.9535e-09,1.2475e-12,3.1416e-16,7.9116e-20,1.9924e-23,5.0176e-27,1
186,4.3502e-12,1.7274e-08,6.8592e-05,0.27237,0.72738,0.00018318,4.6131e-08,1.1617e-11,2.9257e-15,7.3678e-19,1.8555e-22,1
187,1.5959e-11,6.3371e-08,0.00025164,0.99921,0.00053729,1.3531e-07,3.4075e-11,8.5813e-15,2.1611e-18,5.4423e-22,1.3706e-25,1
188,4.0096e-15,1.5922e-11,6.3222e-08,0.00025105,0.99687,0.0028747,7.2394e-07,1.8231e-10,4.5913e-14,1.1562e-17,2.9118e-21,1
189,4.0146e-15,1.5942e-11,6.3302e-08,0.00025136,0.99812,0.0016233,4.088e-07,1.0295e-10,2.5926e-14,6.5292e-18,1.6443e-21,1
190,2.0899e-15,8.2986e-12,3.2953e-08,0.00013085,0.51959,0.48016,0.00012092,3.0452e-08,7.6689e-12,1.9313e-15,4.8637e-19,1
191,4.0185e-15,1.5957e-11,6.3363e-08,0.00025161,0.99909,0.00065827,1.6578e-07,4.1748e-11,1.0514e-14,2.6477e-18,6.6678e-22,1
192,2.0236e-15,8.0354e-12,3.1907e-08,0.0001267,0.50311,0.49664,0.00012507,3.1497e-08,7.9321e-12,1.9976e-15,5.0306e-19,1
193,6.0964e-15,2.4208e-11,9.6126e-08,0.0003817,0.99937,0.00025168,6.3381e-08,1.5961e-11,4.0196e-15,1.0123e-18,2.5493e-22,1
194,9.1745e-13,3.6431e-09,1.4466e-05,0.057443,0.94231,0.00023731,5.9762e-08,1.505e-11,3.7901e-15,9.5449e-19,2.4037e-22,1
195,1.8818e-08,7.4722e-05,0.29671,0.70304,0.00017705,4.4587e-08,1.1229e-11,2.8278e-15,7.1213e-19,1.7934e-22,4.5164e-26,1
196,1.5706e-11,6.2368e-08,0.00024765,0.9834,0.016347,4.1167e-06,1.0367e-09,2.6108e-13,6.575e-17,1.6558e-20,4.1699e-24,1
197,4.0198e-15,1.5962e-11,6.3383e-08,0.00025168,0.9994,0.00034471,8.6809e-08,2.1862e-11,5.5055e-15,1.3865e-18,3.4916e-22,1
198,3.781e-13,1.5014e-09,5.9617e-06,0.023673,0.97607,0.00024581,6.1903e-08,1.5589e-11,3.926e-15,9.8869e-19,2.4899e-22,1
199,1.5961e-11,6.3378e-08,0.00025167,0.99933,0.00041608,1.0478e-07,2.6388e-11,6.6454e-15,1.6735e-18,4.2146e-22,1.0614e-25,1
200,8.2489e-19,3.2755e-15,1.3007e-11,5.1648e-08,0.00020509,0.81436,0.18538,4.6686e-05,1.1757e-08,2.9609e-12,7.4565e-16,1
201,1.5843e-11,6.291e-08,0.00024981,0.99194,0.0078079,1.9663e-06,4.9518e-10,1.247e-13,3.1405e-17,7.9088e-21,1.9917e-24,1
202,1.0628e-14,4.2204e-11,1.6759e-07,0.00066546,0.99908,0.0002516,6.3363e-08,1.5957e-11,4.0185e-15,1.012e-18,2.5486e-22,1
203,3.8986e-15,1.5481e-11,6.1473e-08,0.0002441,0.96928,0.030467,7.6728e-06,1.9323e-09,4.8661e-13,1.2255e-16,3.0861e-20,1
204,4.0086e-15,1.5918e-11,6.3207e-08,0.00025099,0.99663,0.0031163,7.8479e-07,1.9764e-10,4.9772e-14,1.2534e-17,3.1566e-21,1
205,1.588e-11,6.3056e-08,0.00025039,0.99425,0.0055009,1.3853e-06,3.4887e-10,8.7858e-14,2.2126e-17,5.572e-21,1.4032e-24,1
206,1.152e-11,4.5744e-08,0.00018164,0.72128,0.27846,7.0127e-05,1.766e-08,4.4475e-12,1.12e-15,2.8206e-19,7.1033e-23,1
207,1.5932e-11,6.3263e-08,0.00025121,0.99751,0.0022391,5.6389e-07,1.4201e-10,3.5762e-14,9.0061e-18,2.2681e-21,5.7118e-25,1
208,4.5817e-14,1.8193e-10,7.2244e-07,0.0028687,0.99688,0.00025105,6.3223e-08,1.5922e-11,4.0096e-15,1.0098e-18,2.5429e-22,1
209,1.5331e-11,6.0878e-08,0.00024174,0.95991,0.039841,1.0033e-05,2.5268e-09,6.3632e-13,1.6025e-16,4.0356e-20,1.0163e-23,1
210,7.8695e-17,3.1249e-13,1.2408e-09,4.9272e-06,0.019565,0.98018,0.00024684,6.2164e-08,1.5655e-11,3.9425e-15,9.9285e-19,1
211,1.3442e-12,5.3378e-09,2.1196e-05,0.084165,0.91558,0.00023058,5.8067e-08,1.4623e-11,3.6827e-15,9.2742e-19,2.3356e-22,1
212,2.4085e-07,0.00095639,0.99879,0.00025153,6.3344e-08,1.5952e-11,4.0173e-15,1.0117e-18,2.5478e-22,6.4163e-26,1.6158e-29,1
213,5.0832e-13,2.0185e-09,8.015e-06,0.031827,0.96792,0.00024376,6.1386e-08,1.5459e-11,3.8932e-15,9.8043e-19,2.4691e-22,1
214,6.3154e-08,0.00025078,0.9958,0.00395,9.9474e-07,2.5051e-10,6.3087e-14,1.5888e-17,4.001e-21,1.0076e-24,2.5375e-28,1
215,1.3335e-17,5.2952e-14,2.1026e-10,8.3493e-07,0.0033154,0.99643,0.00025094,6.3195e-08,1.5915e-11,4.0078e-15,1.0093e-18,1
216,5.1672e-22,2.0518e-18,8.1474e-15,3.2352e-11,1.2847e-07,0.00051012,0.99924,0.00025164,6.3372e-08,1.5959e-11,4.0191e-15,1
217,3.6779e-10,1.4604e-06,0.0057992,0.99395,0.00025031,6.3037e-08,1.5875e-11,3.9979e-15,1.0068e-18,2.5355e-22,6.3852e-26,1
218,3.2369e-15,1.2853e-11,5.1039e-08,0.00020267,0.80476,0.19499,4.9104e-05,1.2366e-08,3.1142e-12,7.8427e-16,1.9751e-19,1
219,1.5961e-11,6.3379e-08,0.00025167,0.99934,0.00041103,1.0351e-07,2.6068e-11,6.5647e-15,1.6532e-18,4.1634e-22,1.0485e-25,1
220,4.9271e-10,1.9565e-06,0.0077688,0.99198,0.00024981,6.2912e-08,1.5843e-11,3.9899e-15,1.0048e-18,2.5304e-22,6.3725e-26,1
221,3.8747e-15,1.5386e-11,6.1096e-08,0.0002426,0.96334,0.036407,9.1686e-06,2.309e-09,5.8148e-13,1.4644e-16,3.6878e-20,1
222,1.427e-12,5.6665e-09,2.2501e-05,0.089348,0.9104,0.00022927,5.7738e-08,1.4541e-11,3.6618e-15,9.2217e-19,2.3223e-22,1
223,1.5022e-11,5.965e-08,0.00023686,0.94054,0.059205,1.491e-05,3.7548e-09,9.456e-13,2.3814e-16,5.9971e-20,1.5103e-23,1
224,1.9699e-11,7.8221e-08,0.0003106,0.99944,0.00025169,6.3385e-08,1.5963e-11,4.0199e-15,1.0124e-18,2.5495e-22,6.4204e-26,1
225,4.9488e-09,1.9651e-05,0.078031,0.92172,0.00023212,5.8456e-08,1.4721e-11,3.7073e-15,9.3363e-19,2.3512e-22,5.9212e-26,1
226,1.594e-11,6.3296e-08,0.00025134,0.99803,0.00172,4.3315e-07,1.0908e-10,2.747e-14,6.918e-18,1.7422e-21,4.3875e-25,1
227,9.3701e-19,3.7207e-15,1.4774e-11,5.8667e-08,0.00023296,0.92505,0.074701,1.8812e-05,4.7376e-09,1.1931e-12,3.0046e-16,1
228,1.595e-11,6.3335e-08,0.00025149,0.99865,0.0010976,2.7641e-07,6.961e-11,1.753e-14,4.4147e-18,1.1118e-21,2.7998e-25,1
229,8.2124e-15,3.261e-11,1.2949e-07,0.00051419,0.99923,0.00025164,6.3372e-08,1.5959e-11,4.0191e-15,1.0122e-18,2.5489e-22,1
230,5.1238e-08,0.00020346,0.80791,0.19183,4.8311e-05,1.2166e-08,3.0639e-12,7.7159e-16,1.9431e-19,4.8935e-23,1.2324e-26,1
231,1.2155e-15,4.8264e-12,1.9165e-08,7.6101e-05,0.30219,0.69756,0.00017567,4.424e-08,1.1141e-11,2.8057e-15,7.0658e-19,1
232,1.5804e-11,6.2757e-08,0.0002492,0.98953,0.010215,2.5725e-06,6.4785e-10,1.6315e-13,4.1087e-17,1.0347e-20,2.6058e-24,1
233,1.5875e-11,6.3038e-08,0.00025032,0.99397,0.0057814,1.456e-06,3.6666e-10,9.2339e-14,2.3254e-17,5.8562e-21,1.4748e-24,1
234,8.6079e-11,3.4181e-07,0.0013573,0.99839,0.00025143,6.3319e-08,1.5946e-11,4.0157e-15,1.0113e-18,2.5468e-22,6.4137e-26,1
235,4.5331e-14,1.8e-10,7.1477e-07,0.0028382,0.99691,0.00025106,6.3225e-08,1.5922e-11,4.0098e-15,1.0098e-18,2.543e-22,1
236,1.1125e-16,4.4176e-13,1.7542e-09,6.9656e-06,0.027659,0.97209,0.00024481,6.1651e-08,1.5526e-11,3.9099e-15,9.8466e-19,1
237,2.6316e-14,1.045e-10,4.1494e-07,0.0016477,0.9981,0.00025136,6.33e-08,1.5941e-11,4.0146e-15,1.011e-18,2.5461e-22,1
238,1.7443e-13,6.9265e-10,2.7504e-06,0.010922,0.98883,0.00024902,6.2712e-08,1.5793e-11,3.9772e-15,1.0016e-18,2.5224e-22,1
239,5.7737e-14,2.2926e-10,9.1038e-07,0.003615,0.99613,0.00025086,6.3176e-08,1.591e-11,4.0066e-15,1.009e-18,2.541e-22,1
240,3.2094e-13,1.2744e-09,5.0604e-06,0.020094,0.97965,0.00024671,6.213e-08,1.5647e-11,3.9404e-15,9.9232e-19,2.499e-22,1
241,2.5472e-11,1.0115e-07,0.00040164,0.99935,0.00025167,6.3379e-08,1.5961e-11,4.0196e-15,1.0123e-18,2.5492e-22,6.4199e-26,1
242,1.6485e-15,6.546e-12,2.5993e-08,0.00010322,0.40985,0.58989,0.00014856,3.7411e-08,9.4215e-12,2.3727e-15,5.9752e-19,1
243,1.5575e-11,6.1848e-08,0.00024559,0.97519,0.024554,6.1835e-06,1.5572e-09,3.9216e-13,9.876e-17,2.4871e-20,6.2634e-24,1
244,3.9939e-15,1.5859e-11,6.2975e-08,0.00025006,0.99296,0.0067832,1.7083e-06,4.302e-10,1.0834e-13,2.7283e-17,6.8709e-21,1
245,9.3804e-12,3.7248e-08,0.00014791,0.58732,0.41243,0.00010386,2.6156e-08,6.5871e-12,1.6589e-15,4.1776e-19,1.0521e-22,1
246,6.7469e-15,2.6791e-11,1.0638e-07,0.00042243,0.99933,0.00025166,6.3378e-08,1.5961e-11,4.0195e-15,1.0122e-18,2.5492e-22,1
247,7.7479e-11,3.0766e-07,0.0012217,0.99853,0.00025146,6.3327e-08,1.5948e-11,4.0163e-15,1.0114e-18,2.5471e-22,6.4146e-26,1
248,9.4315e-22,3.7451e-18,1.4871e-14,5.9052e-11,2.3449e-07,0.00093112,0.99882,0.00025154,6.3346e-08,1.5953e-11,4.0174e-15,1
249,2.5094e-10,9.9643e-07,0.0039567,0.99579,0.00025077,6.3154e-08,1.5904e-11,4.0053e-15,1.0087e-18,2.5402e-22,6.397e-26,1
250,6.4173e-15,2.5482e-11,1.0119e-07,0.00040179,0.99935,0.00025167,6.3379e-08,1.5961e-11,4.0196e-15,1.0123e-18,2.5492e-22,1
251,1.0112e-18,4.0155e-15,1.5945e-11,6.3315e-08,0.00025142,0.99833,0.0014139,3.5608e-07,8.9672e-11,2.2583e-14,5.6871e-18,1
252,1.5863e-11,6.2988e-08,0.00025012,0.99318,0.0065689,1.6543e-06,4.1661e-10,1.0492e-13,2.6421e-17,6.6538e-21,1.6757e-24,1
253,1.5952e-11,6.3343e-08,0.00025153,0.99878,0.00097,2.4428e-07,6.1518e-11,1.5492e-14,3.9015e-18,9.8253e-22,2.4744e-25,1
254,3.7315e-15,1.4817e-11,5.8838e-08,0.00023364,0.92774,0.072009,1.8134e-05,4.5669e-09,1.1501e-12,2.8963e-16,7.294e-20,1
255,1.9714e-09,7.8281e-06,0.031084,0.96866,0.00024394,6.1433e-08,1.5471e-11,3.8962e-15,9.8119e-19,2.471e-22,6.2228e-26,1
256,1.1675e-14,4.6361e-11,1.8409e-07,0.000731,0.99902,0.00025159,6.3358e-08,1.5956e-11,4.0182e-15,1.0119e-18,2.5484e-22,1
257,5.8041e-14,2.3047e-10,9.1517e-07,0.003634,0.99611,0.00025086,6.3174e-08,1.5909e-11,4.0066e-15,1.009e-18,2.541e-22,1
258,1.1826e-11,4.6959e-08,0.00018647,0.74044,0.25931,6.5302e-05,1.6445e-08,4.1415e-12,1.043e-15,2.6266e-19,6.6147e-23,1
259,5.7804e-13,2.2953e-09,9.1144e-06,0.036192,0.96356,0.00024266,6.1109e-08,1.5389e-11,3.8756e-15,9.7601e-19,2.4579e-22,1
260,2.9085e-14,1.1549e-10,4.5861e-07,0.0018211,0.99793,0.00025131,6.3289e-08,1.5938e-11,4.0139e-15,1.0108e-18,2.5456e-22,1
261,1.4514e-11,5.7633e-08,0.00022885,0.90875,0.091002,2.2918e-05,5.7714e-09,1.4534e-12,3.6603e-16,9.2179e-20,2.3214e-23,1
262,1.4803e-13,5.8779e-10,2.334e-06,0.0092681,0.99048,0.00024944,6.2817e-08,1.5819e-11,3.9839e-15,1.0033e-18,2.5266e-22,1
263,4.0801e-16,1.6201e-12,6.4333e-09,2.5546e-05,0.10144,0.89831,0.00022623,5.6971e-08,1.4347e-11,3.6132e-15,9.0992e-19,1
264,3.5627e-08,0.00014147,0.56176,0.43799,0.0001103,2.7777e-08,6.9953e-12,1.7617e-15,4.4365e-19,1.1173e-22,2.8137e-26,1
265,2.1379e-13,8.4893e-10,3.371e-06,0.013386,0.98636,0.0002484,6.2556e-08,1.5754e-11,3.9673e-15,9.9911e-19,2.5161e-22,1
266,2.9564e-11,1.1739e-07,0.00046615,0.99928,0.00025165,6.3375e-08,1.596e-11,4.0193e-15,1.0122e-18,2.5491e-22,6.4194e-26,1
267,1.0872e-14,4.3173e-11,1.7143e-07,0.00068074,0.99907,0.0002516,6.3362e-08,1.5957e-11,4.0184e-15,1.012e-18,2.5485e-22,1
268,1.5261e-11,6.06e-08,0.00024063,0.95553,0.044222,1.1137e-05,2.8046e-09,7.0629e-13,1.7787e-16,4.4794e-20,1.1281e-23,1
269,5.3404e-12,2.1206e-08,8.4206e-05,0.33437,0.66538,0.00016757,4.2199e-08,1.0627e-11,2.6763e-15,6.7398e-19,1.6973e-22,1
270,1.2677e-14,5.034e-11,1.9989e-07,0.00079375,0.99895,0.00025157,6.3354e-08,1.5955e-11,4.018e-15,1.0119e-18,2.5482e-22,1
271,2.3768e-11,9.4381e-08,0.00037477,0.99937,0.00025168,6.3381e-08,1.5962e-11,4.0197e-15,1.0123e-18,2.5493e-22,6.42e-26,1
272,5.2086e-11,2.0683e-07,0.00082128,0.99893,0.00025156,6.3353e-08,1.5954e-11,4.0179e-15,1.0118e-18,2.5482e-22,6.4172e-26,1
273,7.8103e-15,3.1013e-11,1.2315e-07,0.00048901,0.99926,0.00025165,6.3374e-08,1.596e-11,4.0192e-15,1.0122e-18,2.549e-22,1
274,5.4045e-14,2.146e-10,8.5216e-07,0.0033838,0.99636,0.00025092,6.319e-08,1.5913e-11,4.0076e-15,1.0092e-18,2.5416e-22,1
275,4.0118e-15,1.593e-11,6.3256e-08,0.00025118,0.99741,0.0023386,5.8893e-07,1.4831e-10,3.735e-14,9.4061e-18,2.3688e-21,1
276,3.2205e-14,1.2788e-10,5.0781e-07,0.0020164,0.99773,0.00025126,6.3277e-08,1.5935e-11,4.0131e-15,1.0106e-18,2.5451e-22,1
277,7.9094e-12,3.1407e-08,0.00012471,0.49522,0.50453,0.00012706,3.1998e-08,8.0581e-12,2.0293e-15,5.1105e-19,1.287e-22,1
278,2.7246e-14,1.0819e-10,4.2961e-07,0.0017059,0.99804,0.00025134,6.3297e-08,1.594e-11,4.0143e-15,1.0109e-18,2.5459e-22,1
279,3.9946e-15,1.5862e-11,6.2985e-08,0.00025011,0.99313,0.0066142,1.6657e-06,4.1948e-10,1.0564e-13,2.6604e-17,6.6997e-21,1
280,4.0201e-15,1.5963e-11,6.3389e-08,0.00025171,0.99949,0.00025559,6.4367e-08,1.621e-11,4.0822e-15,1.028e-18,2.5889e-22,1
281,3.4666e-12,1.3766e-08,5.4661e-05,0.21705,0.7827,0.00019711,4.9639e-08,1.2501e-11,3.1482e-15,7.9282e-19,1.9966e-22,1
282,2.0761e-13,8.244e-10,3.2736e-06,0.012999,0.98675,0.0002485,6.258e-08,1.576e-11,3.9689e-15,9.9951e-19,2.5171e-22,1
283,4.0054e-15,1.5905e-11,6.3155e-08,0.00025078,0.99582,0.0039308,9.8992e-07,2.493e-10,6.2781e-14,1.5811e-17,3.9816e-21,1
284,2.5508e-09,1.0129e-05,0.040221,0.95953,0.00024164,6.0854e-08,1.5325e-11,3.8594e-15,9.7193e-19,2.4477e-22,6.1641e-26,1
285,1.5963e-11,6.3387e-08,0.0002517,0.99947,0.00027725,6.9821e-08,1.7583e-11,4.4281e-15,1.1151e-18,2.8083e-22,7.0723e-26,1
286,4.2168e-13,1.6744e-09,6.6489e-06,0.026402,0.97335,0.00024512,6.173e-08,1.5546e-11,3.915e-15,9.8593e-19,2.4829e-22,1
287,4.0137e-15,1.5938e-11,6.3286e-08,0.0002513,0.99788,0.0018686,4.7058e-07,1.1851e-10,2.9845e-14,7.516e-18,1.8928e-21,1
288,1.1083e-18,4.401e-15,1.7476e-11,6.9394e-08,0.00027555,0.99947,0.0002517,6.3387e-08,1.5963e-11,4.0201e-15,1.0124e-18,1
289,4.0005e-15,1.5885e-11,6.3078e-08,0.00025048,0.9946,0.0051456,1.2958e-06,3.2634e-10,8.2183e-14,2.0696e-17,5.2121e-21,1
290,7.5441e-15,2.9957e-11,1.1895e-07,0.00047235,0.99928,0.00025165,6.3375e-08,1.596e-11,4.0193e-15,1.0122e-18,2.5491e-22,1
291,3.5466e-14,1.4083e-10,5.5922e-07,0.0022206,0.99753,0.00025121,6.3264e-08,1.5932e-11,4.0122e-15,1.0104e-18,2.5446e-22,1
292,1.5945e-11,6.3314e-08,0.00025141,0.99831,0.0014344,3.6124e-07,9.0974e-11,2.291e-14,5.7696e-18,1.453e-21,3.6591e-25,1
293,1.5565e-11,6.1808e-08,0.00024543,0.97457,0.025182,6.3417e-06,1.5971e-09,4.022e-13,1.0129e-16,2.5508e-20,6.4237e-24,1
294,1.8541e-09,7.3624e-06,0.029235,0.97051,0.00024441,6.1551e-08,1.5501e-11,3.9036e-15,9.8306e-19,2.4757e-22,6.2346e-26,1
295,1.2655e-15,5.0251e-12,1.9954e-08,7.9235e-05,0.31463,0.68512,0.00017254,4.3451e-08,1.0942e-11,2.7557e-15,6.9397e-19,1
296,4.6563e-12,1.8489e-08,7.3419e-05,0.29154,0.70821,0.00017835,4.4915e-08,1.1311e-11,2.8486e-15,7.1737e-19,1.8066e-22,1
297,6.336e-08,0.00025159,0.99904,0.00071015,1.7884e-07,4.5038e-11,1.1342e-14,2.8564e-18,7.1933e-22,1.8115e-25,4.562e-29,1
298,4.0196e-15,1.5961e-11,6.3379e-08,0.00025167,0.99935,0.0004017,1.0116e-07,2.5476e-11,6.4157e-15,1.6157e-18,4.0689e-22,1
299,1.7988e-10,7.1427e-07,0.0028363,0.99691,0.00025106,6.3225e-08,1.5922e-11,4.0098e-15,1.0098e-18,2.543e-22,6.4042e-26,1
300,2.4821e-13,9.8562e-10,3.9138e-06,0.015541,0.98421,0.00024786,6.2419e-08,1.5719e-11,3.9587e-15,9.9693e-19,2.5106e-22,1
301,1.5579e-11,6.1864e-08,0.00024565,0.97545,0.024298,6.1192e-06,1.541e-09,3.8808e-13,9.7732e-17,2.4612e-20,6.1983e-24,1
302,3.9395e-15,1.5643e-11,6.2118e-08,0.00024666,0.97945,0.020295,5.1109e-06,1.2871e-09,3.2414e-13,8.163e-17,2.0557e-20,1
303,4.513e-16,1.7921e-12,7.116e-09,2.8257e-05,0.1122,0.88754,0.00022351,5.6289e-08,1.4175e-11,3.5699e-15,8.9902e-19,1
304,1.2209e-11,4.8481e-08,0.00019251,0.76444,0.23531,5.9259e-05,1.4924e-08,3.7583e-12,9.4646e-16,2.3835e-19,6.0025e-23,1
305,4.02e-15,1.5963e-11,6.3387e-08,0.0002517,0.99946,0.00028329,7.1343e-08,1.7967e-11,4.5246e-15,1.1395e-18,2.8696e-22,1
306,1.5767e-11,6.2608e-08,0.00024861,0.98719,0.012562,3.1635e-06,7.9667e-10,2.0063e-13,5.0526e-17,1.2724e-20,3.2044e-24,1
307,1.6089e-14,6.3887e-11,2.5369e-07,0.0010074,0.99874,0.00025152,6.3341e-08,1.5951e-11,4.0171e-15,1.0117e-18,2.5477e-22,1
308,5.5367e-10,2.1985e-06,0.0087301,0.99102,0.00024957,6.2851e-08,1.5828e-11,3.9861e-15,1.0038e-18,2.528e-22,6.3664e-26,1
309,3.8349e-15,1.5228e-11,6.0467e-08,0.00024011,0.95343,0.046317,1.1664e-05,2.9374e-09,7.3975e-13,1.8629e-16,4.6915e-20,1
310,9.7287e-15,3.8631e-11,1.534e-07,0.00060913,0.99914,0.00025162,6.3366e-08,1.5958e-11,4.0187e-15,1.0121e-18,2.5487e-22,1
311,9.5964e-13,3.8106e-09,1.5131e-05,0.060085,0.93966,0.00023664,5.9594e-08,1.5008e-11,3.7795e-15,9.5181e-19,2.397e-22,1
312,8.7946e-14,3.4922e-10,1.3867e-06,0.0055064,0.99424,0.00025038,6.3056e-08,1.588e-11,3.999e-15,1.0071e-18,2.5362e-22,1
313,4.1411e-08,0.00016444,0.65295,0.3468,8.7336e-05,2.1994e-08,5.5389e-12,1.3949e-15,3.5128e-19,8.8465e-23,2.2279e-26,1
314,2.3771e-08,9.4393e-05,0.37482,0.62493,0.00015738,3.9633e-08,9.9811e-12,2.5136e-15,6.3301e-19,1.5941e-22,4.0146e-26,1
315,7.3685e-13,2.9259e-09,1.1618e-05,0.046135,0.95361,0.00024015,6.0479e-08,1.5231e-11,3.8356e-15,9.6594e-19,2.4326e-22,1
316,6.6777e-14,2.6516e-10,1.0529e-06,0.004181,0.99557,0.00025072,6.314e-08,1.5901e-11,4.0044e-15,1.0084e-18,2.5396e-22,1
317,1.0124e-18,4.0201e-15,1.5963e-11,6.3388e-08,0.00025171,0.99949,0.00025958,6.5371e-08,1.6463e-11,4.1459e-15,1.0441e-18,1
318,5.9853e-19,2.3767e-15,9.4375e-12,3.7475e-08,0.00014881,0.59089,0.40885,0.00010296,2.593e-08,6.53e-12,1.6445e-15,1
319,5.6354e-13,2.2377e-09,8.8857e-06,0.035284,0.96446,0.00024289,6.1167e-08,1.5404e-11,3.8793e-15,9.7693e-19,2.4603e-22,1
320,1.356e-11,5.3843e-08,0.0002138,0.84899,0.15076,3.7967e-05,9.5614e-09,2.4079e-12,6.0639e-16,1.5271e-19,3.8458e-23,1
321,1.5733e-11,6.2472e-08,0.00024807,0.98505,0.014703,3.7026e-06,9.3245e-10,2.3482e-13,5.9137e-17,1.4893e-20,3.7505e-24,1
322,3.9726e-15,1.5775e-11,6.2639e-08,0.00024873,0.98767,0.012078,3.0416e-06,7.6598e-10,1.929e-13,4.8579e-17,1.2234e-20,1
323,1.0059e-18,3.9942e-15,1.586e-11,6.2979e-08,0.00025008,0.99303,0.0067176,1.6917e-06,4.2604e-10,1.0729e-13,2.702e-17,1
324,3.1688e-17,1.2583e-13,4.9965e-10,1.9841e-06,0.0078784,0.99187,0.00024979,6.2905e-08,1.5842e-11,3.9895e-15,1.0047e-18,1
325,5.2778e-08,0.00020957,0.83219,0.16756,4.2197e-05,1.0627e-08,2.6762e-12,6.7395e-16,1.6972e-19,4.2743e-23,1.0764e-26,1
326,2.3801e-09,9.4512e-06,0.037529,0.96222,0.00024232,6.1025e-08,1.5368e-11,3.8702e-15,9.7466e-19,2.4545e-22,6.1814e-26,1
327,7.8692e-14,3.1248e-10,1.2408e-06,0.004927,0.99482,0.00025053,6.3092e-08,1.5889e-11,4.0014e-15,1.0077e-18,2.5377e-22,1
328,4.3058e-11,1.7098e-07,0.00067893,0.99907,0.0002516,6.3362e-08,1.5957e-11,4.0184e-15,1.012e-18,2.5485e-22,6.4181e-26,1
329,1.9342e-15,7.6803e-12,3.0498e-08,0.0001211,0.48088,0.51887,0.00013067,3.2907e-08,8.2872e-12,2.087e-15,5.2558e-19,1
